5716 5 2 1 4 0 3 0 9 1 0 2 2 0 0 0
0 6358 11 1 2 0 11 8 6 3 0 0 0 0 0 0
4 3 5698 11 1 0 6 26 10 1 2 1 2 0 0 0
0 1 17 5771 0 15 0 4 13 5 0 1 0 0 0 0
0 4 3 0 5457 0 4 3 4 16 1 0 6 0 0 0
1 0 2 28 0 5265 9 1 6 9 2 3 0 0 0 0
7 13 0 0 2 3 5729 0 16 0 1 16 0 0 0 0
0 5 9 6 9 0 0 5839 0 5 0 0 0 0 0 0
10 3 3 2 9 13 11 3 5578 20 3 0 0 0 0 0
7 10 0 9 43 7 0 32 25 5518 0 0 0 0 0 0
0 0 0 0 0 0 0 0 0 0 0 0 0 0 0 0
0 0 0 0 0 0 0 0 0 0 0 0 0 0 0 0
0 0 0 0 0 0 0 0 0 0 0 0 0 0 0 0
1 2 4 0 1 7 11 0 3 2 829 0 0 0 0 0
3 0 0 1 1 5 51 0 8 3 1 357 0 0 0 0
15 0 2 0 5 0 1 3 1 0 0 0 1324 0 0 0
