5725 0 3 2 1 0 4 0 4 2 2 0 2 0 0 0
0 6374 3 0 3 0 4 13 3 0 0 0 0 0 0 0
2 4 5722 3 0 0 1 27 3 1 1 0 1 0 0 0
0 0 14 5782 0 11 0 9 5 6 0 0 0 0 0 0
0 2 1 0 5473 0 1 8 3 8 0 0 2 0 0 0
0 1 0 13 0 5290 4 1 3 2 10 2 0 0 0 0
3 1 1 0 3 2 5766 0 1 0 0 10 0 0 0 0
0 2 2 1 3 0 0 5857 0 8 0 0 0 0 0 0
8 5 10 4 5 4 6 1 5597 8 7 0 0 0 0 0
2 3 3 4 27 0 0 4 7 5599 0 2 0 0 0 0
0 0 0 0 0 0 0 0 0 0 0 0 0 0 0 0
0 0 0 0 0 0 0 0 0 0 0 0 0 0 0 0
0 0 0 0 0 0 0 0 0 0 0 0 0 0 0 0
0 0 3 0 0 0 1 1 1 0 854 0 0 0 0 0
3 0 1 0 1 3 35 0 5 2 7 373 0 0 0 0
4 0 1 0 6 2 0 6 0 1 0 0 1331 0 0 0
